# mx [GeV]: 0.001
# sigma_p [cm^2]: 1e-33
# depth [m]: 1000.0
# loc: MOD
# Columns: gamma/pi, v [km/s], f(v, gamma) [s/km], f[with reflection](v, gamma) [s/km]
1.000000000000000021e-03 1.980000000000000071e+01 2.739654793967682985e-05 1.341230922253349664e-12
1.000000000000000021e-03 2.000000000000000000e+01 2.795159949039631043e-05 1.422468827314804385e-12
1.000000000000000021e-03 2.258097877842118706e+01 3.561004468568258296e-05 2.889451336724341205e-12
1.000000000000000021e-03 2.549503012957539738e+01 4.535929815094006409e-05 5.853489631972801487e-12
1.000000000000000021e-03 2.878513671555753817e+01 5.776540967353499778e-05 1.181908783280857714e-11
1.000000000000000021e-03 3.249982806539786395e+01 7.354464524204436433e-05 2.377472506151151835e-11
1.000000000000000021e-03 3.669389639235431844e+01 9.360138517439017250e-05 4.761377405977822167e-11
1.000000000000000021e-03 4.142920478666692929e+01 1.190742675368505483e-04 9.486557158140501271e-11
1.000000000000000021e-03 4.677559970472958639e+01 1.513914295638225157e-04 1.878732430438319236e-10
1.000000000000000021e-03 5.281194121402112529e+01 1.923349961967718081e-04 3.694385504762651311e-10
1.000000000000000021e-03 5.962726619005193385e+01 2.441134345343274779e-04 7.204269117749548012e-10
1.000000000000000021e-03 6.732210162264165376e+01 3.094373805684513443e-04 1.391056632160804037e-09
1.000000000000000021e-03 7.600994740297932140e+01 3.915889396633890967e-04 2.654635083374018691e-09
1.000000000000000021e-03 8.581895046277932693e+01 4.944644348280221278e-04 4.995706645752983085e-09
1.000000000000000021e-03 9.689379495931993347e+01 6.225532403379723705e-04 9.245629503826097347e-09
1.000000000000000021e-03 1.093978363868549053e+02 7.807864764729357610e-04 1.677169088389294585e-08
1.000000000000000021e-03 1.204269862178093717e+02 9.306742205764732519e-04 2.642009147107455481e-08
1.000000000000000021e-03 1.235155110928381106e+02 9.741436857430838588e-04 2.969927713338269749e-08
1.000000000000000021e-03 1.328849503093069018e+02 1.109409814678181472e-03 4.133307750539625516e-08
1.000000000000000021e-03 1.394550567396611314e+02 1.206839006076443517e-03 5.108183498010879849e-08
1.000000000000000021e-03 1.453429144008044034e+02 1.295561421386581206e-03 6.097620013783166329e-08
1.000000000000000021e-03 1.574515838390905742e+02 1.480824911437284095e-03 8.481190882661691459e-08
1.000000000000000021e-03 1.578008784923019334e+02 1.486203707148636049e-03 8.556866788407827716e-08
1.000000000000000021e-03 1.702588425837994635e+02 1.678212575392960815e-03 1.149975189256737033e-07
1.000000000000000021e-03 1.777705436649655155e+02 1.793281792560764932e-03 1.348978547819719705e-07
1.000000000000000021e-03 1.827168066752969935e+02 1.868321848545317606e-03 1.487951254564895407e-07
1.000000000000000021e-03 1.951747707667944951e+02 2.053191722327894330e-03 1.861514549053336323e-07
1.000000000000000021e-03 2.007116436963489718e+02 2.132799734732840867e-03 2.036160463042034885e-07
1.000000000000000021e-03 2.076327348582920251e+02 2.229486884256287257e-03 2.259589181807816188e-07
1.000000000000000021e-03 2.200906989497895552e+02 2.393961411073588369e-03 2.668840865567800253e-07
1.000000000000000021e-03 2.325486630412870568e+02 2.543546940029988140e-03 3.074580611118204546e-07
1.000000000000000021e-03 2.450066271327845868e+02 2.675440193702544739e-03 3.461759814957369640e-07
1.000000000000000021e-03 2.574645912242821169e+02 2.787185760500496094e-03 3.815960574417435303e-07
1.000000000000000021e-03 2.699225553157796185e+02 2.876750109760189186e-03 4.124294419957689467e-07
1.000000000000000021e-03 2.823805194072771201e+02 2.942583150062664903e-03 4.376139918866328864e-07
1.000000000000000021e-03 2.948384834987746785e+02 2.983664202789313141e-03 4.563671782185811766e-07
1.000000000000000021e-03 3.072964475902721802e+02 2.999530024109059619e-03 4.682158130570253271e-07
1.000000000000000021e-03 3.197544116817697386e+02 2.989108257266602856e-03 4.513520142592397557e-07
1.000000000000000021e-03 3.322123757732672402e+02 2.953495238863135426e-03 4.129841486584803906e-07
1.000000000000000021e-03 3.446703398647647418e+02 2.895229668446723352e-03 3.784273448181646167e-07
1.000000000000000021e-03 3.571283039562622434e+02 2.815357266799202191e-03 3.372276611249960648e-07
1.000000000000000021e-03 3.695862680477598019e+02 2.715441758694465621e-03 2.842329249834714961e-07
1.000000000000000021e-03 3.820442321392573035e+02 2.599730397534724940e-03 2.469072710574279130e-07
1.000000000000000021e-03 3.945021962307548620e+02 2.468843204886839345e-03 1.994805988278301104e-07
1.000000000000000021e-03 4.069601603222523636e+02 2.327468420613981216e-03 1.676678287718194666e-07
1.000000000000000021e-03 4.194181244137498652e+02 2.176486398229659797e-03 1.282608375144718282e-07
1.000000000000000021e-03 4.318760885052474237e+02 2.018292618194666987e-03 8.069139979039420577e-08
1.000000000000000021e-03 4.443340525967449253e+02 1.859760259691172878e-03 6.239721183632521723e-08
1.000000000000000021e-03 4.567920166882424269e+02 1.699379175305681640e-03 3.706752633556421122e-08
1.000000000000000021e-03 4.692499807797399853e+02 1.541902744908812094e-03 2.313141326244656088e-08
1.000000000000000021e-03 4.817079448712374870e+02 1.387730264575287240e-03 1.169211930911152983e-08
1.000000000000000021e-03 4.897364106190914868e+02 1.291384801599476922e-03 8.386753517484252363e-09
1.000000000000000021e-03 4.963966208214069411e+02 1.213612408109718960e-03 7.543403782104076279e-09
1.000000000000000021e-03 5.030568310237223955e+02 1.138077405011993270e-03 7.179172266287735952e-09
1.000000000000000021e-03 5.097170412260378498e+02 1.064924792675038968e-03 6.898544683013217352e-09
1.000000000000000021e-03 5.163772514283532473e+02 9.941144407744659066e-04 6.634145170267695994e-09
1.000000000000000021e-03 5.230374616306687585e+02 9.259564827197007148e-04 6.381390002478355150e-09
1.000000000000000021e-03 5.296976718329841560e+02 8.612976167857708037e-04 6.157906833824086608e-09
1.000000000000000021e-03 5.363578820352995535e+02 7.992124392728978868e-04 5.921072483413438543e-09
1.000000000000000021e-03 5.430180922376150647e+02 7.388114283189651729e-04 5.648963310132561858e-09
1.000000000000000021e-03 5.496783024399304622e+02 6.817157713955789792e-04 5.389045481631313743e-09
1.000000000000000021e-03 5.563385126422459734e+02 6.273174352646410188e-04 5.124146639039057516e-09
1.000000000000000021e-03 5.629987228445613709e+02 5.759328191283637991e-04 4.862813671209223174e-09
1.000000000000000021e-03 5.696589330468768821e+02 5.289664663135931711e-04 4.635914804579545099e-09
1.000000000000000021e-03 5.763191432491922797e+02 4.836716017423206017e-04 4.383408348477886503e-09
1.000000000000000021e-03 5.829793534515076772e+02 4.422478941294584573e-04 4.155746280538522516e-09
1.000000000000000021e-03 5.896395636538231884e+02 4.021546962015028594e-04 3.901362063214307159e-09
1.000000000000000021e-03 5.962997738561385859e+02 3.642427871491415222e-04 3.642377500641658082e-09
1.000000000000000021e-03 6.029599840584539834e+02 3.292408213416557245e-04 3.395538679638061700e-09
1.000000000000000021e-03 6.096201942607694946e+02 2.976643974505196544e-04 3.172769332042759858e-09
1.000000000000000021e-03 6.162804044630848921e+02 2.669307743026419358e-04 2.927244713711369992e-09
1.000000000000000021e-03 6.229406146654004033e+02 2.422537544785674578e-04 2.760236992966352400e-09
1.000000000000000021e-03 6.296008248677158008e+02 2.159672725771828445e-04 2.529225437030018677e-09
1.000000000000000021e-03 6.362610350700313120e+02 1.923341027945393790e-04 2.318055384462228970e-09
1.000000000000000021e-03 6.429212452723467095e+02 1.717498708446704757e-04 2.135732154313635524e-09
1.000000000000000021e-03 6.495814554746621070e+02 1.512835235269081803e-04 1.930767926997546987e-09
1.000000000000000021e-03 6.562416656769776182e+02 1.333277774893510911e-04 1.749408241438144565e-09
1.000000000000000021e-03 6.629018758792930157e+02 1.178230902558891340e-04 1.592439931721693140e-09
1.000000000000000021e-03 6.695620860816085269e+02 1.022609031900766161e-04 1.416473205991076606e-09
1.000000000000000021e-03 6.762222962839239244e+02 9.114050865065341468e-05 1.305213720985805431e-09
1.000000000000000021e-03 6.828825064862394356e+02 7.826087711819980743e-05 1.147248970763804418e-09
1.000000000000000021e-03 6.895427166885548331e+02 6.742729471969361311e-05 1.014126645163060395e-09
1.000000000000000021e-03 6.962029268908702306e+02 5.783881025593582965e-05 8.921252158618875439e-10
1.000000000000000021e-03 7.028631370931857418e+02 4.868378367683778011e-05 7.681992049556771495e-10
1.000000000000000021e-03 7.095233472955011393e+02 4.052819700602191074e-05 6.540231125651947997e-10
1.000000000000000021e-03 7.161835574978165369e+02 3.452979639130679732e-05 5.722326627325345516e-10
1.000000000000000021e-03 7.228437677001320480e+02 2.812371806126328321e-05 4.762733940526631079e-10
1.000000000000000021e-03 7.295039779024475592e+02 2.310255275571701882e-05 4.006366281186813580e-10
1.000000000000000021e-03 7.361641881047629568e+02 1.749159845361415792e-05 3.089054966233447567e-10
1.000000000000000021e-03 7.428243983070783543e+02 1.423771845310501852e-05 2.577652281296208470e-10
1.000000000000000021e-03 7.494846085093938655e+02 9.663874114694064553e-06 1.778448962327573659e-10
1.000000000000000021e-03 7.561448187117092630e+02 7.707670090879462920e-06 1.455217736213658118e-10
1.000000000000000021e-03 7.628050289140246605e+02 4.503844945353639498e-06 8.653971150096716546e-11
1.000000000000000021e-03 7.694652391163401717e+02 2.192006613702862958e-06 4.291656065194508514e-11
1.000000000000000021e-03 7.761254493186556829e+02 0.000000000000000000e+00 0.000000000000000000e+00
1.000000000000000021e-03 7.827856595209709667e+02 0.000000000000000000e+00 0.000000000000000000e+00
1.000000000000000021e-03 7.894458697232864779e+02 0.000000000000000000e+00 0.000000000000000000e+00
1.000000000000000021e-03 7.961060799256019891e+02 0.000000000000000000e+00 0.000000000000000000e+00
1.000000000000000021e-03 8.027662901279173866e+02 0.000000000000000000e+00 0.000000000000000000e+00
1.000000000000000021e-03 8.028465747853958874e+02 0.000000000000000000e+00 0.000000000000000000e+00
5.000000000000000000e-01 1.980000000000000071e+01 2.739654825842106401e-05 1.537542819875355334e-12
5.000000000000000000e-01 2.000000000000000000e+01 2.795159982910287838e-05 1.632972860697651493e-12
5.000000000000000000e-01 2.258098115690089358e+01 3.561005288273721064e-05 3.378311706098371439e-12
5.000000000000000000e-01 2.549503550041565703e+01 4.535931874870926834e-05 6.986820911811037342e-12
5.000000000000000000e-01 2.878514581147025808e+01 5.776544945889227099e-05 1.444432222479473527e-11
5.000000000000000000e-01 3.249984175837272460e+01 7.354471461086661485e-05 2.984513219892896280e-11
5.000000000000000000e-01 3.669391571740375468e+01 9.360150071725390137e-05 6.162344497828955376e-11
5.000000000000000000e-01 4.142923096938018546e+01 1.190744572926542697e-04 1.271250573069116801e-10
5.000000000000000000e-01 4.677563419322341076e+01 1.513917442723840810e-04 2.619508090685171336e-10
5.000000000000000000e-01 5.281198571596333835e+01 1.923355342539602387e-04 5.389828054985061024e-10
5.000000000000000000e-01 5.962732271553435481e+01 2.441143985529588387e-04 1.106930161407909494e-09
5.000000000000000000e-01 6.732217253379647559e+01 3.094392070181963168e-04 2.267923269535167974e-09
5.000000000000000000e-01 7.601003547136444638e+01 3.915925972105436734e-04 4.632411190208020475e-09
5.000000000000000000e-01 8.581905893571244803e+01 4.944721100560387503e-04 9.424962208640121083e-09
5.000000000000000000e-01 9.689392763651447638e+01 6.225699049638782571e-04 1.907913161520280930e-08
5.000000000000000000e-01 1.093979977089125413e+02 7.808234335908298407e-04 3.837179119496272885e-08
5.000000000000000000e-01 1.204272272275069469e+02 9.307449087239670106e-04 6.631606864492665572e-08
5.000000000000000000e-01 1.235157062433820272e+02 9.742264743930999097e-04 7.652751394590051456e-08
5.000000000000000000e-01 1.328852162510421522e+02 1.109545224757597492e-03 1.154049408698931100e-07
5.000000000000000000e-01 1.394552917631557705e+02 1.207024645744997739e-03 1.509735780461257783e-07
5.000000000000000000e-01 1.453432052745773433e+02 1.295806184875374599e-03 1.897233523529936658e-07
5.000000000000000000e-01 1.574518657766968204e+02 1.481238395402607530e-03 2.936658403603365037e-07
5.000000000000000000e-01 1.578011942981125344e+02 1.486623743705693668e-03 2.972087464837304607e-07
5.000000000000000000e-01 1.702591833216477539e+02 1.678900866502178266e-03 4.466158904997238477e-07
5.000000000000000000e-01 1.777708807111239366e+02 1.794190036366818605e-03 5.608164715584731994e-07
5.000000000000000000e-01 1.827171723451829735e+02 1.869404260755095975e-03 6.471498395278352180e-07
5.000000000000000000e-01 1.951751613687181361e+02 2.054832376330807588e-03 9.079942048680579691e-07
5.000000000000000000e-01 2.007120453791782495e+02 2.134752195151233458e-03 1.045570949731323548e-06
5.000000000000000000e-01 2.076331503922533557e+02 2.231892486689389388e-03 1.237755539941316613e-06
5.000000000000000000e-01 2.200911394157885752e+02 2.397383930031684804e-03 1.643853840805481851e-06
5.000000000000000000e-01 2.325491284393237663e+02 2.548284023624510387e-03 2.131896756085503698e-06
5.000000000000000000e-01 2.450071174628589574e+02 2.681832809694146679e-03 2.705080274939367123e-06
5.000000000000000000e-01 2.574651064863941770e+02 2.795612674591585554e-03 3.363660769022195620e-06
5.000000000000000000e-01 2.699230955099293396e+02 2.887619014654111381e-03 4.104541866182771372e-06
5.000000000000000000e-01 2.823810845334645592e+02 2.956318494613671081e-03 4.921014611336364977e-06
5.000000000000000000e-01 2.948390735569997787e+02 3.000692032665251262e-03 5.802680909525509020e-06
5.000000000000000000e-01 3.072970625805349982e+02 3.020260410401321739e-03 6.735578884230971903e-06
5.000000000000000000e-01 3.197550516040701609e+02 3.013982428733455541e-03 7.701703113476461175e-06
5.000000000000000000e-01 3.322130406276053805e+02 2.982989118552408035e-03 8.679513438890940926e-06
5.000000000000000000e-01 3.446710296511406000e+02 2.929253065756361012e-03 9.647438868333104301e-06
5.000000000000000000e-01 3.571290186746757627e+02 2.854184994247732816e-03 1.058219836618325419e-05
5.000000000000000000e-01 3.695870076982109822e+02 2.759887927980819722e-03 1.146061941385327137e-05
5.000000000000000000e-01 3.820449967217461449e+02 2.648408614509924815e-03 1.225948592783546119e-05
5.000000000000000000e-01 3.945029857452813644e+02 2.522419419147524551e-03 1.295857165666062598e-05
5.000000000000000000e-01 4.069609747688165839e+02 2.384723050985575188e-03 1.353983650506292281e-05
5.000000000000000000e-01 4.194189637923517466e+02 2.237812670335298602e-03 1.398782851521066676e-05
5.000000000000000000e-01 4.318769528158869662e+02 2.084520837264151102e-03 1.428989357079088095e-05
5.000000000000000000e-01 4.443349418394221857e+02 1.927563341583448135e-03 1.444093998430576224e-05
5.000000000000000000e-01 4.567929308629574052e+02 1.769393692641252477e-03 1.443911355666093981e-05
5.000000000000000000e-01 4.692509198864925679e+02 1.612510853332297777e-03 1.428596374682446427e-05
5.000000000000000000e-01 4.817089089100277874e+02 1.458834491224360883e-03 1.398847237937835760e-05
5.000000000000000000e-01 4.897373907251949277e+02 1.362430098520368491e-03 1.372548680503147110e-05
5.000000000000000000e-01 4.963976142565431360e+02 1.284401957725739328e-03 1.346831013477145981e-05
5.000000000000000000e-01 5.030578377878913443e+02 1.208231590211399000e-03 1.317650739146383629e-05
5.000000000000000000e-01 5.097180613192396095e+02 1.134255613714061370e-03 1.285344654628968666e-05
5.000000000000000000e-01 5.163782848505877610e+02 1.062618010947844176e-03 1.250286833053420702e-05
5.000000000000000000e-01 5.230385083819360261e+02 9.933622397036690442e-04 1.212387765157334348e-05
5.000000000000000000e-01 5.296987319132842913e+02 9.266857721763542251e-04 1.172489763463128927e-05
5.000000000000000000e-01 5.363589554446324428e+02 8.626859292592113258e-04 1.130627994999719798e-05
5.000000000000000000e-01 5.430191789759807079e+02 8.014321082292799560e-04 1.087048716265191484e-05
5.000000000000000000e-01 5.496794025073289731e+02 7.428803198696425081e-04 1.041828053595631636e-05
5.000000000000000000e-01 5.563396260386771246e+02 6.871880718501412145e-04 9.959654070747145903e-06
5.000000000000000000e-01 5.629998495700253898e+02 6.341942564984262651e-04 9.486945217982423309e-06
5.000000000000000000e-01 5.696600731013735412e+02 5.841092260932022936e-04 9.014217637439234386e-06
5.000000000000000000e-01 5.763202966327218064e+02 5.367458815205436657e-04 8.537009440656247357e-06
5.000000000000000000e-01 5.829805201640700716e+02 4.921475645458931771e-04 8.062070029945270856e-06
5.000000000000000000e-01 5.896407436954182231e+02 4.501977735017708262e-04 7.588453911261548162e-06
5.000000000000000000e-01 5.963009672267664882e+02 4.108518426331491291e-04 7.118094920106114463e-06
5.000000000000000000e-01 6.029611907581147534e+02 3.740073343465992743e-04 6.651656617026510282e-06
5.000000000000000000e-01 6.096214142894629049e+02 3.397172993032772175e-04 6.200000470323920799e-06
5.000000000000000000e-01 6.162816378208111701e+02 3.077079489657354736e-04 5.752125560636933967e-06
5.000000000000000000e-01 6.229418613521593215e+02 2.781059046559445649e-04 5.327490994477960755e-06
5.000000000000000000e-01 6.296020848835075867e+02 2.506205245698358750e-04 4.910274680772657391e-06
5.000000000000000000e-01 6.362623084148558519e+02 2.252257633054000464e-04 4.508609363919876612e-06
5.000000000000000000e-01 6.429225319462040034e+02 2.017559943520501570e-04 4.117668671529675055e-06
5.000000000000000000e-01 6.495827554775522685e+02 1.802219234587768622e-04 3.748642379366222830e-06
5.000000000000000000e-01 6.562429790089004200e+02 1.603561043350862055e-04 3.387735865661955145e-06
5.000000000000000000e-01 6.629032025402486852e+02 1.421840440835689411e-04 3.047018925982701098e-06
5.000000000000000000e-01 6.695634260715969504e+02 1.256866543710440207e-04 2.731619588065632916e-06
5.000000000000000000e-01 6.762236496029451018e+02 1.104671840971904523e-04 2.421080574583282600e-06
5.000000000000000000e-01 6.828838731342933670e+02 9.678883657239997231e-05 2.142254528095846883e-06
5.000000000000000000e-01 6.895440966656415185e+02 8.429740683739222161e-05 1.874499516174188886e-06
5.000000000000000000e-01 6.962043201969897837e+02 7.287070817211727309e-05 1.618503261528779711e-06
5.000000000000000000e-01 7.028645437283380488e+02 6.273032406596345352e-05 1.394632336930373729e-06
5.000000000000000000e-01 7.095247672596862003e+02 5.350314164152353497e-05 1.181922637733510966e-06
5.000000000000000000e-01 7.161849907910344655e+02 4.510912850066615357e-05 9.819449839380018377e-07
5.000000000000000000e-01 7.228452143223826170e+02 3.767663486191790204e-05 8.074611661950116013e-07
5.000000000000000000e-01 7.295054378537308821e+02 3.094884403172934386e-05 6.458950001518886785e-07
5.000000000000000000e-01 7.361656613850791473e+02 2.479399414959788749e-05 4.976011725161406103e-07
5.000000000000000000e-01 7.428258849164274125e+02 1.903387277976506433e-05 3.704998559421059294e-07
5.000000000000000000e-01 7.494861084477755639e+02 1.364872762934883150e-05 2.486031796862975203e-07
5.000000000000000000e-01 7.561463319791237154e+02 9.190360889970793808e-06 1.558012309639282789e-07
5.000000000000000000e-01 7.628065555104719806e+02 5.074882059439739414e-06 6.944249276048707004e-08
5.000000000000000000e-01 7.694667790418202458e+02 2.263279736124496237e-06 2.448490444892321337e-08
5.000000000000000000e-01 7.761270025731685109e+02 0.000000000000000000e+00 0.000000000000000000e+00
5.000000000000000000e-01 7.827872261045166624e+02 0.000000000000000000e+00 0.000000000000000000e+00
5.000000000000000000e-01 7.894474496358649276e+02 0.000000000000000000e+00 0.000000000000000000e+00
5.000000000000000000e-01 7.961076731672130791e+02 0.000000000000000000e+00 0.000000000000000000e+00
5.000000000000000000e-01 8.027678966985613442e+02 0.000000000000000000e+00 0.000000000000000000e+00
5.000000000000000000e-01 8.028481815167129980e+02 0.000000000000000000e+00 0.000000000000000000e+00
9.989999999999999991e-01 1.980000000000000071e+01 2.739654835027389280e-05 1.751827981012162011e-12
9.989999999999999991e-01 2.000000000000000000e+01 2.795159993087997208e-05 1.862952486567727540e-12
9.989999999999999991e-01 2.258097877842118706e+01 3.561004571443612203e-05 3.918204861872148898e-12
9.989999999999999991e-01 2.549503012957539738e+01 4.535930055316060355e-05 8.255710151415919400e-12
9.989999999999999991e-01 2.878513671555753817e+01 5.776541528011180541e-05 1.742566461125489055e-11
9.989999999999999991e-01 3.249982806539786395e+01 7.354465832020130281e-05 3.685288190905842284e-11
9.989999999999999991e-01 3.669389639235431844e+01 9.360141565912459246e-05 7.809850826355021081e-11
9.989999999999999991e-01 4.142920478666692929e+01 1.190743385292457519e-04 1.658579662809059203e-10
9.989999999999999991e-01 4.677559970472958639e+01 1.513915946949294920e-04 3.530043489157423673e-10
9.989999999999999991e-01 5.281194121402112529e+01 1.923353797184930523e-04 7.529602691920640717e-10
9.989999999999999991e-01 5.962726619005193385e+01 2.441143235555671325e-04 1.609448145517004393e-09
9.989999999999999991e-01 6.732210162264165376e+01 3.094394362732034933e-04 3.446761370675336204e-09
9.989999999999999991e-01 7.600994740297932140e+01 3.915936780893747196e-04 7.393061037946347307e-09
9.989999999999999991e-01 8.581895046277932693e+01 4.944753126932490859e-04 1.587357180234183721e-08
9.989999999999999991e-01 9.689379495931993347e+01 6.225780823968466576e-04 3.408768822000119787e-08
9.989999999999999991e-01 1.093978363868549053e+02 7.808428293372762785e-04 7.312455487240039100e-08
9.989999999999999991e-01 1.204269862178093717e+02 9.307813261611205639e-04 1.335256754621753879e-07
9.989999999999999991e-01 1.235155110928381106e+02 9.742704172351656419e-04 1.564307684430143632e-07
9.989999999999999991e-01 1.328849503093069018e+02 1.109615237468441606e-03 2.467558665355280111e-07
9.989999999999999991e-01 1.394550567396611314e+02 1.207120839337725952e-03 3.329150945974991425e-07
9.989999999999999991e-01 1.453429144008044034e+02 1.295930313333540579e-03 4.298681449443522298e-07
9.989999999999999991e-01 1.574515838390905742e+02 1.481442640042103217e-03 7.025405101347838399e-07
9.989999999999999991e-01 1.578008784923019334e+02 1.486830249208510998e-03 7.121107242017956151e-07
9.989999999999999991e-01 1.702588425837994635e+02 1.679226901433554997e-03 1.129323553926025044e-06
9.989999999999999991e-01 1.777705436649655155e+02 1.794610429352792988e-03 1.463534639617998014e-06
9.989999999999999991e-01 1.827168066752969935e+02 1.869896673414187275e-03 1.723619985907263419e-06
9.989999999999999991e-01 1.951747707667944951e+02 2.055548030761076336e-03 2.542459875896656836e-06
9.989999999999999991e-01 2.007116436963489718e+02 2.135587893659769004e-03 2.991774959024412969e-06
9.989999999999999991e-01 2.076327348582920251e+02 2.232897980983222352e-03 3.637055628065559775e-06
9.989999999999999991e-01 2.200906989497895552e+02 2.398754632366950374e-03 5.060105356808331589e-06
9.989999999999999991e-01 2.325486630412870568e+02 2.550102391169859362e-03 6.862909170539000935e-06
9.989999999999999991e-01 2.450066271327845868e+02 2.684186007869320077e-03 9.091990109208536924e-06
9.989999999999999991e-01 2.574645912242821169e+02 2.798589568721908741e-03 1.178540422993731041e-05
9.989999999999999991e-01 2.699225553157796185e+02 2.891306658265343880e-03 1.496897788725535936e-05
9.989999999999999991e-01 2.823805194072771201e+02 2.960798284055707937e-03 1.865274791312928327e-05
9.989999999999999991e-01 2.948384834987746785e+02 3.006035732498708608e-03 2.282789680323068937e-05
9.989999999999999991e-01 3.072964475902721802e+02 3.026526274942517407e-03 2.746446654918622348e-05
9.989999999999999991e-01 3.197544116817697386e+02 3.021167004506637201e-03 3.251009914400352545e-05
9.989999999999999991e-01 3.322123757732672402e+02 2.990972251740376536e-03 3.788999690288617154e-05
9.989999999999999991e-01 3.446703398647647418e+02 2.938359449179931727e-03 4.350820794356647714e-05
9.989999999999999991e-01 3.571283039562622434e+02 2.864270288045075129e-03 4.925024876162238289e-05
9.989999999999999991e-01 3.695862680477598019e+02 2.770144510596506040e-03 5.498698467213767590e-05
9.989999999999999991e-01 3.820442321392573035e+02 2.660063073650103214e-03 6.057958322404364876e-05
9.989999999999999991e-01 3.945021962307548620e+02 2.534528966665043018e-03 6.588524220910128306e-05
9.989999999999999991e-01 4.069601603222523636e+02 2.398064161043913112e-03 7.076340808715556627e-05
9.989999999999999991e-01 4.194181244137498652e+02 2.251440158593351511e-03 7.508202101898948380e-05
9.989999999999999991e-01 4.318760885052474237e+02 2.096935409975129658e-03 7.872348300017460352e-05
9.989999999999999991e-01 4.443340525967449253e+02 1.941287830968214684e-03 8.158996831264703241e-05
9.989999999999999991e-01 4.567920166882424269e+02 1.782949665119480361e-03 8.360755716965679414e-05
9.989999999999999991e-01 4.692499807797399853e+02 1.626608989614830927e-03 8.472937595622975196e-05
9.989999999999999991e-01 4.817079448712374870e+02 1.472655570551393038e-03 8.493699794119116448e-05
9.989999999999999991e-01 4.897364106190914868e+02 1.375966333515474737e-03 8.458991852158581669e-05
9.989999999999999991e-01 4.963966208214069411e+02 1.297626970235894739e-03 8.402210538754096853e-05
9.989999999999999991e-01 5.030568310237223955e+02 1.221277294263442385e-03 8.320706828702503300e-05
9.989999999999999991e-01 5.097170412260378498e+02 1.147071751788021100e-03 8.215385752686751918e-05
9.989999999999999991e-01 5.163772514283532473e+02 1.074980272537127100e-03 8.087246578304850488e-05
9.989999999999999991e-01 5.230374616306687585e+02 1.005326247456652571e-03 7.937614600826462213e-05
9.989999999999999991e-01 5.296976718329841560e+02 9.389784980649065185e-04 7.768703907340911673e-05
9.989999999999999991e-01 5.363578820352995535e+02 8.750197107434220080e-04 7.581319243657337734e-05
9.989999999999999991e-01 5.430180922376150647e+02 8.125601156290538979e-04 7.375433617305018441e-05
9.989999999999999991e-01 5.496783024399304622e+02 7.532581736194444814e-04 7.154779117500982251e-05
9.989999999999999991e-01 5.563385126422459734e+02 6.965132123012272207e-04 6.920090109479437720e-05
9.989999999999999991e-01 5.629987228445613709e+02 6.426646768241012523e-04 6.673672042675021733e-05
9.989999999999999991e-01 5.696589330468768821e+02 5.931770540019991236e-04 6.421522352463541355e-05
9.989999999999999991e-01 5.763191432491922797e+02 5.452519436297082953e-04 6.158472522248158089e-05
9.989999999999999991e-01 5.829793534515076772e+02 5.011737495077571219e-04 5.893001105668621971e-05
9.989999999999999991e-01 5.896395636538231884e+02 4.583344500707398116e-04 5.618365523032317193e-05
9.989999999999999991e-01 5.962997738561385859e+02 4.176216243694867410e-04 5.338247959704266725e-05
9.989999999999999991e-01 6.029599840584539834e+02 3.798147039038417554e-04 5.057727810182914308e-05
9.989999999999999991e-01 6.096201942607694946e+02 3.454835318798885470e-04 4.782230719967944229e-05
9.989999999999999991e-01 6.162804044630848921e+02 3.119146439438346655e-04 4.498679688689127864e-05
9.989999999999999991e-01 6.229406146654004033e+02 2.846908276573964351e-04 4.243983341680531308e-05
9.989999999999999991e-01 6.296008248677158008e+02 2.556382654964704381e-04 3.967352214569901044e-05
9.989999999999999991e-01 6.362610350700313120e+02 2.293256110676859035e-04 3.699382632948991696e-05
9.989999999999999991e-01 6.429212452723467095e+02 2.062240029275879370e-04 3.447626781601901576e-05
9.989999999999999991e-01 6.495814554746621070e+02 1.831402163497144683e-04 3.185862359165322834e-05
9.989999999999999991e-01 6.562416656769776182e+02 1.627162553193947550e-04 2.939022723917352452e-05
9.989999999999999991e-01 6.629018758792930157e+02 1.449282838628736421e-04 2.710678604776933559e-05
9.989999999999999991e-01 6.695620860816085269e+02 1.269686390316304356e-04 2.470915232202270488e-05
9.989999999999999991e-01 6.762222962839239244e+02 1.139717080622474894e-04 2.283250463198295367e-05
9.989999999999999991e-01 6.828825064862394356e+02 9.887274036175727765e-05 2.061301049861519199e-05
9.989999999999999991e-01 6.895427166885548331e+02 8.603597932385538018e-05 1.860969873979816642e-05
9.989999999999999991e-01 6.962029268908702306e+02 7.456993975427041090e-05 1.673202163420578112e-05
9.989999999999999991e-01 7.028631370931857418e+02 6.351876190982323441e-05 1.483574644180600215e-05
9.989999999999999991e-01 7.095233472955011393e+02 5.355970073203230198e-05 1.303215775777793571e-05
9.989999999999999991e-01 7.161835574978165369e+02 4.613916716868459556e-05 1.160994301506859048e-05
9.989999999999999991e-01 7.228437677001320480e+02 3.813901070362429527e-05 1.001576891503965628e-05
9.989999999999999991e-01 7.295039779024475592e+02 3.175986635337656292e-05 8.657714222115794753e-06
9.989999999999999991e-01 7.361641881047629568e+02 2.447703498706602239e-05 6.985745428027460729e-06
9.989999999999999991e-01 7.428243983070783543e+02 2.018735570351691200e-05 5.949895003774725311e-06
9.989999999999999991e-01 7.494846085093938655e+02 1.397899125643801509e-05 4.315294982973083107e-06
9.989999999999999991e-01 7.561448187117092630e+02 1.129352174629548179e-05 3.585997177194718772e-06
9.989999999999999991e-01 7.628050289140246605e+02 6.733564585921908927e-06 2.229806180279687943e-06
9.989999999999999991e-01 7.694652391163401717e+02 3.340880843224754822e-06 1.148917146082546819e-06
9.989999999999999991e-01 7.761254493186556829e+02 0.000000000000000000e+00 0.000000000000000000e+00
9.989999999999999991e-01 7.827856595209709667e+02 0.000000000000000000e+00 0.000000000000000000e+00
9.989999999999999991e-01 7.894458697232864779e+02 0.000000000000000000e+00 0.000000000000000000e+00
9.989999999999999991e-01 7.961060799256019891e+02 0.000000000000000000e+00 0.000000000000000000e+00
9.989999999999999991e-01 8.027662901279173866e+02 0.000000000000000000e+00 0.000000000000000000e+00
9.989999999999999991e-01 8.028465747853958874e+02 0.000000000000000000e+00 0.000000000000000000e+00
