# mx [GeV]: 0.001
# sigma_p [cm^2]: 1e-33
# depth [m]: 1000.0
# loc: MOD
# Columns: gamma/pi, v [km/s], f(v, gamma) [s/km], f[with reflection](v, gamma) [s/km]
1.000000000000000021e-03 1.980000000000000071e+01 2.578083442087870654e-05 1.244570100706774110e-06
1.000000000000000021e-03 2.000000000000000000e+01 2.630115027576498425e-05 1.267980789549849167e-06
1.000000000000000021e-03 2.258097877842118706e+01 3.347440542279873135e-05 1.585876290323017602e-06
1.000000000000000021e-03 2.549503012957539738e+01 4.259131799545724968e-05 1.978019564920470896e-06
1.000000000000000021e-03 2.878513671555753817e+01 5.417153268823689103e-05 2.459274988402272689e-06
1.000000000000000021e-03 3.249982806539786395e+01 6.886964398860252366e-05 3.046318880555529779e-06
1.000000000000000021e-03 3.669389639235431844e+01 8.750789823192231423e-05 3.757256393721804322e-06
1.000000000000000021e-03 4.142920478666692929e+01 1.111153695489102675e-04 4.610831132960713059e-06
1.000000000000000021e-03 4.677559970472958639e+01 1.409739116288198440e-04 5.625042881122821840e-06
1.000000000000000021e-03 5.281194121402112529e+01 1.786703808045925256e-04 6.814946133109221639e-06
1.000000000000000021e-03 5.962726619005193385e+01 2.261530514341709563e-04 8.189375241217522477e-06
1.000000000000000021e-03 6.732210162264165376e+01 2.857872537601944640e-04 9.746358334386920656e-06
1.000000000000000021e-03 7.600994740297932140e+01 3.604001620725597781e-04 1.146708826063901865e-05
1.000000000000000021e-03 8.581895046277932693e+01 4.532959239791857953e-04 1.330858486830558291e-05
1.000000000000000021e-03 9.689379495931993347e+01 5.682077903017793575e-04 1.519570077436877665e-05
1.000000000000000021e-03 1.093978363868549053e+02 7.091305736048848177e-04 1.701398400142612867e-05
1.000000000000000021e-03 1.204269862178093717e+02 8.416664807616584853e-04 1.830180823886695714e-05
1.000000000000000021e-03 1.235155110928381106e+02 8.799411735438723847e-04 1.860614484303534983e-05
1.000000000000000021e-03 1.328849503093069018e+02 9.985989179243685235e-04 1.937532681660617033e-05
1.000000000000000021e-03 1.394550567396611314e+02 1.083665101640997634e-03 1.977631888622977460e-05
1.000000000000000021e-03 1.453429144008044034e+02 1.160848926170415666e-03 2.003997896745342693e-05
1.000000000000000021e-03 1.574515838390905742e+02 1.321188318803300865e-03 2.030741104348953601e-05
1.000000000000000021e-03 1.578008784923019334e+02 1.325827117541679206e-03 2.030983045648217464e-05
1.000000000000000021e-03 1.702588425837994635e+02 1.490830273713415711e-03 2.021414151221024455e-05
1.000000000000000021e-03 1.777705436649655155e+02 1.589173111116858701e-03 1.999635417647753038e-05
1.000000000000000021e-03 1.827168066752969935e+02 1.653088812150686586e-03 1.979322610016440390e-05
1.000000000000000021e-03 1.951747707667944951e+02 1.809822091194028450e-03 1.909458714782135701e-05
1.000000000000000021e-03 2.007116436963489718e+02 1.876990245716539602e-03 1.870827740814396626e-05
1.000000000000000021e-03 2.076327348582920251e+02 1.958299831741856963e-03 1.816945974313791606e-05
1.000000000000000021e-03 2.200906989497895552e+02 2.095907378392901366e-03 1.706985017443790812e-05
1.000000000000000021e-03 2.325486630412870568e+02 2.220212103088693885e-03 1.584611747183119952e-05
1.000000000000000021e-03 2.450066271327845868e+02 2.329028001423092461e-03 1.454510779307702799e-05
1.000000000000000021e-03 2.574645912242821169e+02 2.420475465559777852e-03 1.320882184892571904e-05
1.000000000000000021e-03 2.699225553157796185e+02 2.493033344173836100e-03 1.187357223151189153e-05
1.000000000000000021e-03 2.823805194072771201e+02 2.545580711119461905e-03 1.056957108236053059e-05
1.000000000000000021e-03 2.948384834987746785e+02 2.577426239565938984e-03 9.320878643455500983e-06
1.000000000000000021e-03 3.072964475902721802e+02 2.588323684706378847e-03 8.145639160975367920e-06
1.000000000000000021e-03 3.197544116817697386e+02 2.577297529177538689e-03 6.779117000556967223e-06
1.000000000000000021e-03 3.322123757732672402e+02 2.545418050428063447e-03 5.405385833513044167e-06
1.000000000000000021e-03 3.446703398647647418e+02 2.495077522937695809e-03 4.322409000277351558e-06
1.000000000000000021e-03 3.571283039562622434e+02 2.427062498577523247e-03 3.378758594473743082e-06
1.000000000000000021e-03 3.695862680477598019e+02 2.342576940697697549e-03 2.513200213617474905e-06
1.000000000000000021e-03 3.820442321392573035e+02 2.245423765282995691e-03 1.928479428976822705e-06
1.000000000000000021e-03 3.945021962307548620e+02 2.135713242264418183e-03 1.383852815444659727e-06
1.000000000000000021e-03 4.069601603222523636e+02 2.017579260675786759e-03 1.033941286588612313e-06
1.000000000000000021e-03 4.194181244137498652e+02 1.891325188173515522e-03 7.060715223033776988e-07
1.000000000000000021e-03 4.318760885052474237e+02 1.758768265231342061e-03 3.978436023909623614e-07
1.000000000000000021e-03 4.443340525967449253e+02 1.626222179257488278e-03 2.752469855634002606e-07
1.000000000000000021e-03 4.567920166882424269e+02 1.491654446021789624e-03 1.463068626947252168e-07
1.000000000000000021e-03 4.692499807797399853e+02 1.359347668701791322e-03 8.150817514842131234e-08
1.000000000000000021e-03 4.817079448712374870e+02 1.229294011208149993e-03 3.620571138525627724e-08
1.000000000000000021e-03 4.897364106190914868e+02 1.147775094257844335e-03 2.382433997060898042e-08
1.000000000000000021e-03 4.963966208214069411e+02 1.081812592715923355e-03 2.020697154283795618e-08
1.000000000000000021e-03 5.030568310237223955e+02 1.017607265680730688e-03 1.825323321545517454e-08
1.000000000000000021e-03 5.097170412260378498e+02 9.552749821763643163e-04 1.668363637487734584e-08
1.000000000000000021e-03 5.163772514283532473e+02 8.947538025112890606e-04 1.528055684841136804e-08
1.000000000000000021e-03 5.230374616306687585e+02 8.363352089023675263e-04 1.401533371303402612e-08
1.000000000000000021e-03 5.296976718329841560e+02 7.808438679794203578e-04 1.291358553768051800e-08
1.000000000000000021e-03 5.363578820352995535e+02 7.273588912265888367e-04 1.186521753911863399e-08
1.000000000000000021e-03 5.430180922376150647e+02 6.750067148490186512e-04 1.082224490397685894e-08
1.000000000000000021e-03 5.496783024399304622e+02 6.253877952577104136e-04 9.880598355847995986e-09
1.000000000000000021e-03 5.563385126422459734e+02 5.779117403971554406e-04 8.998323855720470500e-09
1.000000000000000021e-03 5.629987228445613709e+02 5.329008229175028009e-04 8.186030706055755687e-09
1.000000000000000021e-03 5.696589330468768821e+02 4.917450678853737839e-04 7.489849274302353304e-09
1.000000000000000021e-03 5.763191432491922797e+02 4.517678949841860995e-04 6.799993652995912657e-09
1.000000000000000021e-03 5.829793534515076772e+02 4.151455933277567283e-04 6.196296655328418708e-09
1.000000000000000021e-03 5.896395636538231884e+02 3.794083356866678313e-04 5.593460571734414206e-09
1.000000000000000021e-03 5.962997738561385859e+02 3.454129388716271638e-04 5.024851941021071367e-09
1.000000000000000021e-03 6.029599840584539834e+02 3.138958245314418371e-04 4.510976055295463509e-09
1.000000000000000021e-03 6.096201942607694946e+02 2.853880114389396113e-04 4.062557519098135520e-09
1.000000000000000021e-03 6.162804044630848921e+02 2.573780311649321272e-04 3.614457904782590073e-09
1.000000000000000021e-03 6.229406146654004033e+02 2.350174514563662038e-04 3.290312697520043471e-09
1.000000000000000021e-03 6.296008248677158008e+02 2.107876325331458831e-04 2.911457193430555285e-09
1.000000000000000021e-03 6.362610350700313120e+02 1.889066332880014903e-04 2.578770876756020945e-09
1.000000000000000021e-03 6.429212452723467095e+02 1.697950349643073654e-04 2.297856550057318136e-09
1.000000000000000021e-03 6.495814554746621070e+02 1.505694418894980573e-04 2.010352337410030368e-09
1.000000000000000021e-03 6.562416656769776182e+02 1.336261126863381771e-04 1.764061738899795918e-09
1.000000000000000021e-03 6.629018758792930157e+02 1.189369187978283075e-04 1.556145064259310309e-09
1.000000000000000021e-03 6.695620860816085269e+02 1.040063849321815276e-04 1.342488563020972143e-09
1.000000000000000021e-03 6.762222962839239244e+02 9.339223985809218557e-05 1.200174228834313120e-09
1.000000000000000021e-03 6.828825064862394356e+02 8.084670893331171804e-05 1.024629746454539213e-09
1.000000000000000021e-03 6.895427166885548331e+02 7.023702979769505810e-05 8.802663991090503706e-10
1.000000000000000021e-03 6.962029268908702306e+02 6.077235992295758126e-05 7.531547118278458374e-10
1.000000000000000021e-03 7.028631370931857418e+02 5.162991812565750818e-05 6.314389980893330724e-10
1.000000000000000021e-03 7.095233472955011393e+02 4.340562051583562249e-05 5.239204587049309482e-10
1.000000000000000021e-03 7.161835574978165369e+02 3.733869143301782263e-05 4.467872472725127752e-10
1.000000000000000021e-03 7.228437677001320480e+02 3.075008984327804221e-05 3.631432828786493092e-10
1.000000000000000021e-03 7.295039779024475592e+02 2.553816321111306638e-05 2.983630120688714695e-10
1.000000000000000021e-03 7.361641881047629568e+02 1.958141843201072110e-05 2.251654742655452370e-10
1.000000000000000021e-03 7.428243983070783543e+02 1.612035859337257072e-05 1.837049142453648299e-10
1.000000000000000021e-03 7.494846085093938655e+02 1.109737746945723362e-05 1.243235166214609015e-10
1.000000000000000021e-03 7.561448187117092630e+02 8.955461331394616212e-06 9.956640906121690989e-11
1.000000000000000021e-03 7.628050289140246605e+02 5.311526852777457964e-06 5.815827583255114285e-11
1.000000000000000021e-03 7.694652391163401717e+02 2.623823187058114632e-06 2.833615420790035900e-11
1.000000000000000021e-03 7.761254493186556829e+02 0.000000000000000000e+00 0.000000000000000000e+00
1.000000000000000021e-03 7.827856595209709667e+02 0.000000000000000000e+00 0.000000000000000000e+00
1.000000000000000021e-03 7.894458697232864779e+02 0.000000000000000000e+00 0.000000000000000000e+00
1.000000000000000021e-03 7.961060799256019891e+02 0.000000000000000000e+00 0.000000000000000000e+00
1.000000000000000021e-03 8.027662901279173866e+02 0.000000000000000000e+00 0.000000000000000000e+00
1.000000000000000021e-03 8.028465747853958874e+02 0.000000000000000000e+00 0.000000000000000000e+00
5.000000000000000000e-01 1.980000000000000071e+01 2.597389751421203577e-05 1.422577226265954918e-06
5.000000000000000000e-01 2.000000000000000000e+01 2.650018306994369240e-05 1.451341817106414600e-06
5.000000000000000000e-01 2.258098115690089358e+01 3.376196032313496858e-05 1.847998401056202913e-06
5.000000000000000000e-01 2.549503550041565703e+01 4.300687532485553431e-05 2.352326201048401982e-06
5.000000000000000000e-01 2.878514581147025808e+01 5.477221382703626736e-05 2.993091944044057764e-06
5.000000000000000000e-01 3.249984175837272460e+01 6.973808382332934261e-05 3.806459385686376048e-06
5.000000000000000000e-01 3.669391571740375468e+01 8.876359770694167020e-05 4.837708634169710728e-06
5.000000000000000000e-01 4.142923096938018546e+01 1.129310228094582949e-04 6.143236151374500647e-06
5.000000000000000000e-01 4.677563419322341076e+01 1.435987958118618466e-04 7.792796964971058639e-06
5.000000000000000000e-01 5.281198571596333835e+01 1.824636761286042267e-04 9.871872394808839282e-06
5.000000000000000000e-01 5.962732271553435481e+01 2.316309308512265333e-04 1.248390954311383659e-05
5.000000000000000000e-01 6.732217253379647559e+01 2.936886844839442534e-04 1.575194880771308022e-05
5.000000000000000000e-01 7.601003547136444638e+01 3.717773829178801855e-04 1.981878386580504140e-05
5.000000000000000000e-01 8.581905893571244803e+01 4.696359764809718046e-04 2.484422006712018818e-05
5.000000000000000000e-01 9.689392763651447638e+01 5.915901668638239930e-04 3.099713770490706264e-05
5.000000000000000000e-01 1.093979977089125413e+02 7.424208377372775889e-04 3.843887011581760684e-05
5.000000000000000000e-01 1.204272272275069469e+02 8.854832372276065424e-04 4.532549754562662382e-05
5.000000000000000000e-01 1.235157062433820272e+02 9.270074875249066041e-04 4.729291118387859381e-05
5.000000000000000000e-01 1.328852162510421522e+02 1.056328866042085960e-03 5.332881017341988992e-05
5.000000000000000000e-01 1.394552917631557705e+02 1.149577934025303215e-03 5.759448134999942831e-05
5.000000000000000000e-01 1.453432052745773433e+02 1.234573985442147465e-03 6.141849213365782785e-05
5.000000000000000000e-01 1.574518657766968204e+02 1.412315218946844303e-03 6.921294270065084535e-05
5.000000000000000000e-01 1.578011942981125344e+02 1.417481709691219369e-03 6.943532964231302748e-05
5.000000000000000000e-01 1.702591833216477539e+02 1.602120814289192995e-03 7.722227594162489682e-05
5.000000000000000000e-01 1.777708807111239366e+02 1.713003528600591735e-03 8.174264859704630118e-05
5.000000000000000000e-01 1.827171723451829735e+02 1.785418457295634941e-03 8.462809436775771161e-05
5.000000000000000000e-01 1.951751613687181361e+02 1.964224134427236361e-03 9.151093145624501670e-05
5.000000000000000000e-01 2.007120453791782495e+02 2.041424477934321476e-03 9.436779440695051318e-05
5.000000000000000000e-01 2.076331503922533557e+02 2.135382820829587799e-03 9.774170055617363031e-05
5.000000000000000000e-01 2.200911394157885752e+02 2.295814529425422960e-03 1.032071549080175010e-04
5.000000000000000000e-01 2.325491284393237663e+02 2.442596952464046005e-03 1.078125344136437807e-04
5.000000000000000000e-01 2.450071174628589574e+02 2.573047491030091335e-03 1.114836825089347204e-04
5.000000000000000000e-01 2.574651064863941770e+02 2.684800844022804545e-03 1.141685482166529769e-04
5.000000000000000000e-01 2.699230955099293396e+02 2.775878434225312243e-03 1.158380126705947009e-04
5.000000000000000000e-01 2.823810845334645592e+02 2.844746288109374459e-03 1.164860077780680345e-04
5.000000000000000000e-01 2.948390735569997787e+02 2.890358535001324048e-03 1.161289255077828489e-04
5.000000000000000000e-01 3.072970625805349982e+02 2.912184412614868441e-03 1.148043476388861775e-04
5.000000000000000000e-01 3.197550516040701609e+02 2.909120838903376735e-03 1.125561525367751059e-04
5.000000000000000000e-01 3.322130406276053805e+02 2.882219563186457639e-03 1.094420775471863238e-04
5.000000000000000000e-01 3.446710296511406000e+02 2.833326523490017120e-03 1.055671936763042160e-04
5.000000000000000000e-01 3.571290186746757627e+02 2.763726096427880207e-03 1.010345623197267476e-04
5.000000000000000000e-01 3.695870076982109822e+02 2.675386178400620749e-03 9.595613218750165458e-05
5.000000000000000000e-01 3.820449967217461449e+02 2.570222104728087792e-03 9.044009333368985184e-05
5.000000000000000000e-01 3.945029857452813644e+02 2.450767134179873338e-03 8.460531868794405642e-05
5.000000000000000000e-01 4.069609747688165839e+02 2.319694393527388810e-03 7.856334298774925889e-05
5.000000000000000000e-01 4.194189637923517466e+02 2.179380573349460216e-03 7.241517725418899153e-05
5.000000000000000000e-01 4.318769528158869662e+02 2.032554424813798506e-03 6.625196904134635187e-05
5.000000000000000000e-01 4.443349418394221857e+02 1.881830274563920345e-03 6.017008290373894268e-05
5.000000000000000000e-01 4.567929308629574052e+02 1.729581520815240544e-03 5.424776960576957924e-05
5.000000000000000000e-01 4.692509198864925679e+02 1.578244813070472192e-03 4.854888603056799640e-05
5.000000000000000000e-01 4.817089089100277874e+02 1.429691455815410017e-03 4.312877238181379196e-05
5.000000000000000000e-01 4.897373907251949277e+02 1.336347844604100516e-03 3.980524165436190179e-05
5.000000000000000000e-01 4.963976142565431360e+02 1.260710320035965783e-03 3.715763788212333285e-05
5.000000000000000000e-01 5.030578377878913443e+02 1.186796771098923156e-03 3.460919914384890631e-05
5.000000000000000000e-01 5.097180613192396095e+02 1.114941391285895981e-03 3.216571699320945463e-05
5.000000000000000000e-01 5.163782848505877610e+02 1.045287361121115645e-03 2.983173402716358499e-05
5.000000000000000000e-01 5.230385083819360261e+02 9.778836851407572001e-04 2.760080834122153104e-05
5.000000000000000000e-01 5.296987319132842913e+02 9.129238725347392849e-04 2.548532564166732889e-05
5.000000000000000000e-01 5.363589554446324428e+02 8.505111209202243297e-04 2.347976076457366200e-05
5.000000000000000000e-01 5.430191789759807079e+02 7.907188666579160466e-04 2.158253711642281174e-05
5.000000000000000000e-01 5.496794025073289731e+02 7.335089489273185701e-04 1.978858767897833081e-05
5.000000000000000000e-01 5.563396260386771246e+02 6.790382846755471050e-04 1.810849694113546529e-05
5.000000000000000000e-01 5.629998495700253898e+02 6.271582139868995447e-04 1.652215499506542597e-05
5.000000000000000000e-01 5.696600731013735412e+02 5.780771205436733250e-04 1.504559383072850282e-05
5.000000000000000000e-01 5.763202966327218064e+02 5.316180640342741716e-04 1.366419318403672335e-05
5.000000000000000000e-01 5.829805201640700716e+02 4.878280995271536006e-04 1.238098921321512039e-05
5.000000000000000000e-01 5.896407436954182231e+02 4.465983210535794828e-04 1.118744104946933753e-05
5.000000000000000000e-01 5.963009672267664882e+02 4.078899646521081225e-04 1.007958096561575855e-05
5.000000000000000000e-01 6.029611907581147534e+02 3.716067630708082747e-04 9.051902488310515737e-06
5.000000000000000000e-01 6.096214142894629049e+02 3.378050359605618350e-04 8.111998239433612759e-06
5.000000000000000000e-01 6.162816378208111701e+02 3.062202705149193356e-04 7.239592083828582323e-06
5.000000000000000000e-01 6.229418613521593215e+02 2.769807666435545419e-04 6.452464661134763871e-06
5.000000000000000000e-01 6.296020848835075867e+02 2.498049542456945698e-04 5.725722694724499077e-06
5.000000000000000000e-01 6.362623084148558519e+02 2.246705791801665295e-04 5.063707943776342139e-06
5.000000000000000000e-01 6.429225319462040034e+02 2.014174681990773402e-04 4.456141142335978952e-06
5.000000000000000000e-01 6.495827554775522685e+02 1.800600217487460407e-04 3.910517664170726051e-06
5.000000000000000000e-01 6.562429790089004200e+02 1.603358949871917544e-04 3.407941809603334745e-06
5.000000000000000000e-01 6.629032025402486852e+02 1.422741845738427686e-04 2.956894117766111822e-06
5.000000000000000000e-01 6.695634260715969504e+02 1.258602376721857697e-04 2.558067480354655977e-06
5.000000000000000000e-01 6.762236496029451018e+02 1.106997386026963839e-04 2.188569431664046160e-06
5.000000000000000000e-01 6.828838731342933670e+02 9.706120360747475017e-05 1.869940121595767019e-06
5.000000000000000000e-01 6.895440966656415185e+02 8.459161117167872661e-05 1.580354341651061297e-06
5.000000000000000000e-01 6.962043201969897837e+02 7.317108702750639809e-05 1.318187568222499401e-06
5.000000000000000000e-01 7.028645437283380488e+02 6.302738308384431439e-05 1.097638521223858694e-06
5.000000000000000000e-01 7.095247672596862003e+02 5.378609087101009445e-05 8.990386451814079781e-07
5.000000000000000000e-01 7.161849907910344655e+02 4.536921611338964064e-05 7.219208187959015366e-07
5.000000000000000000e-01 7.228452143223826170e+02 3.791025020903072816e-05 5.739061825360290272e-07
5.000000000000000000e-01 7.295054378537308821e+02 3.115099863813830007e-05 4.437962769139641484e-07
5.000000000000000000e-01 7.361656613850791473e+02 2.496116320988807575e-05 3.304821339112893831e-07
5.000000000000000000e-01 7.428258849164274125e+02 1.916649315633270136e-05 2.379221143343580713e-07
5.000000000000000000e-01 7.494861084477755639e+02 1.374309046446521919e-05 1.542740945286560454e-07
5.000000000000000000e-01 7.561463319791237154e+02 9.252712921176807238e-06 9.347420518554723531e-08
5.000000000000000000e-01 7.628065555104719806e+02 5.104156094468592555e-06 4.018362876357616564e-08
5.000000000000000000e-01 7.694667790418202458e+02 2.274093248333789459e-06 1.367880785034591739e-08
5.000000000000000000e-01 7.761270025731685109e+02 0.000000000000000000e+00 0.000000000000000000e+00
5.000000000000000000e-01 7.827872261045166624e+02 0.000000000000000000e+00 0.000000000000000000e+00
5.000000000000000000e-01 7.894474496358649276e+02 0.000000000000000000e+00 0.000000000000000000e+00
5.000000000000000000e-01 7.961076731672130791e+02 0.000000000000000000e+00 0.000000000000000000e+00
5.000000000000000000e-01 8.027678966985613442e+02 0.000000000000000000e+00 0.000000000000000000e+00
5.000000000000000000e-01 8.028481815167129980e+02 0.000000000000000000e+00 0.000000000000000000e+00
9.989999999999999991e-01 1.980000000000000071e+01 2.615190446753764026e-05 1.615640144699024501e-06
9.989999999999999991e-01 2.000000000000000000e+01 2.668354391821282619e-05 1.650374429249799757e-06
9.989999999999999991e-01 2.258097877842118706e+01 3.402407466199245447e-05 2.135545525570066304e-06
9.989999999999999991e-01 2.549503012957539738e+01 4.338116244572069020e-05 2.767864009518772946e-06
9.989999999999999991e-01 2.878513671555753817e+01 5.530599367605723560e-05 3.593735968096671476e-06
9.989999999999999991e-01 3.249982806539786395e+01 7.049816147651400582e-05 4.674836356822213896e-06
9.989999999999999991e-01 3.669389639235431844e+01 8.984395008415715391e-05 6.093308229289091346e-06
9.989999999999999991e-01 4.142920478666692929e+01 1.144632755176916064e-04 7.958737077921417111e-06
9.989999999999999991e-01 4.677559970472958639e+01 1.457663241607357974e-04 1.041745537906111832e-05
9.989999999999999991e-01 5.281194121402112529e+01 1.855202749565387646e-04 1.366484023670915533e-05
9.989999999999999991e-01 5.962726619005193385e+01 2.359249982573607116e-04 1.796132199583188349e-05
9.989999999999999991e-01 6.732210162264165376e+01 2.996936186945622894e-04 2.365272317187532556e-05
9.989999999999999991e-01 7.600994740297932140e+01 3.801281678087363924e-04 3.119509386064756165e-05
9.989999999999999991e-01 8.581895046277932693e+01 4.811703631044823566e-04 4.118302380345585141e-05
9.989999999999999991e-01 9.689379495931993347e+01 6.073899130556784359e-04 5.437782326494324848e-05
9.989999999999999991e-01 1.093978363868549053e+02 7.638434652001305312e-04 7.172687523585075163e-05
9.989999999999999991e-01 1.204269862178093717e+02 9.125033711154115689e-04 8.913869813398936576e-05
9.989999999999999991e-01 1.235155110928381106e+02 9.556912843133484126e-04 9.435625512473479019e-05
9.989999999999999991e-01 1.328849503093069018e+02 1.090278181344101274e-03 1.110545896561104085e-04
9.989999999999999991e-01 1.394550567396611314e+02 1.187392269623879868e-03 1.235034862209838445e-04
9.989999999999999991e-01 1.453429144008044034e+02 1.275947731696211798e-03 1.351387837826018424e-04
9.989999999999999991e-01 1.574515838390905742e+02 1.461215947772798261e-03 1.603350391705357138e-04
9.989999999999999991e-01 1.578008784923019334e+02 1.466601879353101072e-03 1.610845914216137002e-04
9.989999999999999991e-01 1.702588425837994635e+02 1.659123116375429020e-03 1.885069831909948060e-04
9.989999999999999991e-01 1.777705436649655155e+02 1.774744012664291682e-03 2.055672546591930984e-04
9.989999999999999991e-01 1.827168066752969935e+02 1.850247073939307110e-03 2.169514867713887441e-04
9.989999999999999991e-01 1.951747707667944951e+02 2.036633914303385539e-03 2.459064090123814724e-04
9.989999999999999991e-01 2.007116436963489718e+02 2.117077331250195003e-03 2.587953616435471177e-04
9.989999999999999991e-01 2.076327348582920251e+02 2.214948311913299880e-03 2.748179385528992527e-04
9.989999999999999991e-01 2.200906989497895552e+02 2.381945044699949800e-03 3.031075150167603549e-04
9.989999999999999991e-01 2.325486630412870568e+02 2.534556699836239182e-03 3.301907126682238677e-04
9.989999999999999991e-01 2.450066271327845868e+02 2.669979684848354518e-03 3.554967895995017895e-04
9.989999999999999991e-01 2.574645912242821169e+02 2.785754650538947025e-03 3.784880051617316231e-04
9.989999999999999991e-01 2.699225553157796185e+02 2.879837585820934839e-03 3.986778121855600221e-04
9.989999999999999991e-01 2.823805194072771201e+02 2.950658228373744928e-03 4.156470866377160985e-04
9.989999999999999991e-01 2.948384834987746785e+02 2.997163024708411703e-03 4.290576621012345110e-04
9.989999999999999991e-01 3.072964475902721802e+02 3.018840630010412827e-03 4.386625828133717099e-04
9.989999999999999991e-01 3.197544116817697386e+02 3.014831068572119705e-03 4.443126547935975822e-04
9.989999999999999991e-01 3.322123757732672402e+02 2.985971801731303766e-03 4.459591355989574678e-04
9.989999999999999991e-01 3.446703398647647418e+02 2.934407606154422650e-03 4.436524907602670603e-04
9.989999999999999991e-01 3.571283039562622434e+02 2.861221144450582735e-03 4.375374030962125458e-04
9.989999999999999991e-01 3.695862680477598019e+02 2.767908236383557173e-03 4.278444946208330934e-04
9.989999999999999991e-01 3.820442321392573035e+02 2.658374545900276612e-03 4.148792588671723234e-04
9.989999999999999991e-01 3.945021962307548620e+02 2.533338032997870925e-03 3.990086424716623634e-04
9.989999999999999991e-01 4.069601603222523636e+02 2.397191750595288520e-03 3.806464302297182800e-04
9.989999999999999991e-01 4.194181244137498652e+02 2.250856661761925937e-03 3.602375441861838676e-04
9.989999999999999991e-01 4.318760885052474237e+02 2.096613041079092594e-03 3.382426186331687176e-04
9.989999999999999991e-01 4.443340525967449253e+02 1.941070236608367916e-03 3.151233036188977625e-04
9.989999999999999991e-01 4.567920166882424269e+02 1.782836156059614549e-03 2.913280162753938878e-04
9.989999999999999991e-01 4.692499807797399853e+02 1.626546808997486821e-03 2.672806479305832664e-04
9.989999999999999991e-01 4.817079448712374870e+02 1.472627706579211380e-03 2.433699006192182614e-04
9.989999999999999991e-01 4.897364106190914868e+02 1.375947827768264284e-03 2.281965574326244280e-04
9.989999999999999991e-01 4.963966208214069411e+02 1.297611465501960493e-03 2.158190793750636388e-04
9.989999999999999991e-01 5.030568310237223955e+02 1.221263598730484672e-03 2.036745859335043678e-04
9.989999999999999991e-01 5.097170412260378498e+02 1.147059557092218029e-03 1.918012582336612497e-04
9.989999999999999991e-01 5.163772514283532473e+02 1.074969420369933796e-03 1.802308981257271100e-04
9.989999999999999991e-01 5.230374616306687585e+02 1.005316602853325008e-03 1.689954090216757860e-04
9.989999999999999991e-01 5.296976718329841560e+02 9.389699165995971141e-04 1.581389619675353830e-04
9.989999999999999991e-01 5.363578820352995535e+02 8.750121167716447528e-04 1.476650905473546652e-04
9.989999999999999991e-01 5.430180922376150647e+02 8.125534606693174009e-04 1.375575678711082753e-04
9.989999999999999991e-01 5.496783024399304622e+02 7.532523582646179954e-04 1.278744434306112023e-04
9.989999999999999991e-01 5.563385126422459734e+02 6.965081627472389505e-04 1.186054205171145859e-04
9.989999999999999991e-01 5.629987228445613709e+02 6.426603168011791245e-04 1.097676797738629534e-04
9.989999999999999991e-01 5.696589330468768821e+02 5.931732903409534354e-04 1.014357121766600321e-04
9.989999999999999991e-01 5.763191432491922797e+02 5.452487363886743439e-04 9.348764128340227031e-05
9.989999999999999991e-01 5.829793534515076772e+02 5.011710269095605340e-04 8.603162977629939161e-05
9.989999999999999991e-01 5.896395636538231884e+02 4.583321770406726379e-04 7.892943481393128243e-05
9.989999999999999991e-01 5.962997738561385859e+02 4.176197537222748474e-04 7.221183970206909817e-05
9.989999999999999991e-01 6.029599840584539834e+02 3.798131841391678390e-04 6.592187058552156833e-05
9.989999999999999991e-01 6.096201942607694946e+02 3.454823126055248366e-04 6.009836372568252055e-05
9.989999999999999991e-01 6.162804044630848921e+02 3.119136955322698336e-04 5.453927882666610228e-05
9.989999999999999991e-01 6.229406146654004033e+02 2.846900945352773249e-04 4.967593339288611576e-05
9.989999999999999991e-01 6.296008248677158008e+02 2.556377339948979208e-04 4.485301292008538358e-05
9.989999999999999991e-01 6.362610350700313120e+02 2.293252477448951324e-04 4.042119322878195856e-05
9.989999999999999991e-01 6.429212452723467095e+02 2.062237781953605079e-04 3.643104108850609606e-05
9.989999999999999991e-01 6.495814554746621070e+02 1.831401088541519139e-04 3.257267731778313072e-05
9.989999999999999991e-01 6.562416656769776182e+02 1.627162417634326567e-04 2.909189313952355432e-05
9.989999999999999991e-01 6.629018758792930157e+02 1.449283453480265486e-04 2.599298269586003025e-05
9.989999999999999991e-01 6.695620860816085269e+02 1.269687574825425461e-04 2.296371504554541498e-05
9.989999999999999991e-01 6.762222962839239244e+02 1.139718738560434178e-04 2.058083417804240634e-05
9.989999999999999991e-01 6.828825064862394356e+02 9.887293497663259955e-05 1.802725067822903452e-05
9.989999999999999991e-01 6.895427166885548331e+02 8.603619341701807975e-05 1.580004389327295235e-05
9.989999999999999991e-01 6.962029268908702306e+02 7.457016429246736584e-05 1.379855753298567616e-05
9.989999999999999991e-01 7.028631370931857418e+02 6.351898610142327911e-05 1.188969942243752606e-05
9.989999999999999991e-01 7.095233472955011393e+02 5.355991757870537970e-05 1.015482099003255557e-05
9.989999999999999991e-01 7.161835574978165369e+02 4.613937884417658333e-05 8.801134202059446128e-06
9.989999999999999991e-01 7.228437677001320480e+02 3.813920559186470153e-05 7.389478890950157106e-06
9.989999999999999991e-01 7.295039779024475592e+02 3.176004563988247203e-05 6.222180782038371723e-06
9.989999999999999991e-01 7.361641881047629568e+02 2.447718556607398789e-05 4.895992290956236661e-06
9.989999999999999991e-01 7.428243983070783543e+02 2.018749096559622691e-05 4.067316068002692140e-06
9.989999999999999991e-01 7.494846085093938655e+02 1.397909184447131134e-05 2.881838695737632243e-06
9.989999999999999991e-01 7.561448187117092630e+02 1.129360936496640132e-05 2.338247599984298755e-06
9.989999999999999991e-01 7.628050289140246605e+02 6.733620229378747186e-06 1.422151534877026244e-06
9.989999999999999991e-01 7.694652391163401717e+02 3.340910172106009679e-06 7.171153212021060574e-07
9.989999999999999991e-01 7.761254493186556829e+02 0.000000000000000000e+00 0.000000000000000000e+00
9.989999999999999991e-01 7.827856595209709667e+02 0.000000000000000000e+00 0.000000000000000000e+00
9.989999999999999991e-01 7.894458697232864779e+02 0.000000000000000000e+00 0.000000000000000000e+00
9.989999999999999991e-01 7.961060799256019891e+02 0.000000000000000000e+00 0.000000000000000000e+00
9.989999999999999991e-01 8.027662901279173866e+02 0.000000000000000000e+00 0.000000000000000000e+00
9.989999999999999991e-01 8.028465747853958874e+02 0.000000000000000000e+00 0.000000000000000000e+00
